1.3160319209115907
1.5232366065534533
0.7109138440016471
0.5426133754222213
1.1625151959463031
0.8223511966650892
1.132370425033958
1.9028949100365538
0.6213879777418799
1.3600302687948254
1.187145384292454
0.8644895905998283
1.3000661682097616
1.3233884421968978
1.2246450064848822
1.0608370210158518
1.7114711622238017
0.9327469513147596
0.8213965442777306
1.5536490535266614
0.582375189325827
1.4155273234417662
0.6778325926343766
1.7815141175839244
0.8820763322938371
1.4008002531489223
1.4065790051231177
1.5405769000851028
1.1069036911742811
0.5264250126097884
1.4207071269505063
0.5353440933549815
0.7492906983019156
0.5824241233357693
0.9087494751231991
0.7900807211500346
0.8165897363554054
0.8121717224867705
0.7651592685815921
1.2496912045308437
0.9283394119418541
1.177357981448892
1.027254794268503
0.5205471001589149
1.8996413704894006
0.6799749496503882
1.3383215941199635
1.6129823467068598
0.830296560535086
1.6544469625594906
0.7472127722937234
0.5025752058979287
0.8123186700533985
0.9373274459782707
1.8213044193539139
1.5076351210012346
0.5331819218946788
1.089052579290979
0.7889885315861357
0.8744642059478939
1.4098996689019905
1.6775161999455162
0.742967713471372
0.5096788459251449
0.8742332037543739
