4.658466595064684e-07
1.009838056242888e-07
1.6205007561692377e-08
1.2641135261829383e-07
4.833873849959145e-08
1.0648960289053939e-07
1.2800336057951966e-07
1.6690610341474743e-07
8.348574492270139e-08
7.764648210201419e-07
2.0406126407062425e-07
8.334750437040694e-08
8.321068142598623e-07
4.131342719517675e-07
2.5408849027225116e-07
7.240643220281763e-08
7.35153655548964e-07
5.552452234874283e-07
1.1886888315451291e-07
4.94246504109084e-08
1.774036472129826e-07
1.8489855151339483e-07
2.1099536112541353e-07
1.651554488131157e-08
1.0984500377412422e-07
2.1401259427754772e-07
6.402743883850005e-07
6.222616546236688e-07
7.071303658644557e-08
1.4590716024428873e-07
1.4171078607641836e-08
2.3009071085310294e-07
5.693096134039361e-07
7.734752053428455e-07
5.140528941560659e-07
1.0416658754710503e-07
9.529781435825335e-07
2.653869923412911e-07
2.517254710735633e-08
7.847636697883642e-08
7.801674613575774e-08
1.1543270786164836e-07
1.6812121897167845e-07
7.397941976563973e-07
1.7855812920447274e-07
6.240500616751889e-08
1.605997260551994e-07
1.3578790249132425e-07
5.517484694615442e-07
2.4379269856706562e-08
3.3907285126536615e-07
3.372069319696297e-07
1.2936881842509309e-08
2.8579130003650413e-07
4.578073932077067e-08
3.388878133500262e-07
2.7860419646150124e-07
4.1977165151066474e-07
5.241230391987115e-07
1.1299525686301148e-08
4.524842681669694e-07
1.3041239554595429e-07
5.615715095960845e-07
3.8835665801592556e-07
3.927742180119899e-07
