5.489192683826834e-07
8.504095802231244e-08
1.6112332135316904e-08
1.2581666896223568e-07
4.610470002979206e-08
9.634131159044822e-08
1.244118082755839e-07
1.668603560598188e-07
8.4483440466248e-08
6.901108644904207e-07
1.7494004202951692e-07
6.921392866504e-08
9.627542912110603e-07
4.50234217257536e-07
2.2220558346135007e-07
6.8733920863958e-08
9.6036545101158e-07
5.39377858937503e-07
1.2805699735665414e-07
5.1926105616223816e-08
1.820818958166854e-07
1.8060499600009172e-07
2.1046109523615948e-07
1.5128236831726795e-08
1.236274458098413e-07
2.1070475038478234e-07
7.523464355835559e-07
7.68902857489735e-07
7.0739970925092e-08
2.0390569293158308e-07
1.6931227207504805e-08
2.2144389650401446e-07
5.54683718635251e-07
8.91639626643933e-07
5.208215437699734e-07
1.0471803015898613e-07
9.080209941038648e-07
2.600868824137668e-07
2.62975381823822e-08
1.0851320795148399e-07
8.203037933085219e-08
1.0840534802987197e-07
1.6393921545657634e-07
7.72245989613358e-07
3.1036818033968113e-07
6.45767121180735e-08
1.5355603614833027e-07
1.0067126870405086e-07
5.115384065921572e-07
2.280812098294169e-08
3.6406797682756185e-07
2.9665522436216884e-07
1.3924549405708007e-08
3.4954220339471464e-07
4.3761530583503515e-08
3.9458902132395986e-07
2.9308726710369046e-07
4.366004249032364e-07
6.678655732983587e-07
1.0770798193006404e-08
4.804854018505549e-07
2.1250613846065514e-07
5.850862165041368e-07
4.128924228765585e-07
3.2552804474616475e-07
